function x_0=ChenModelInit()
    % Initial state

    Cmd_0=0.0674;
    Ci_0=0.06274;

    N1_0=14.71376;
    N2_0=0.612519;
    N3_0=0.0084499;
    N4_0=5.098857e-6;
    N5_0=24.539936;
    N6_0=218.017777;
    NF_0=0.003399;
    NR_0=0.50988575;
    SE_0=0.0;

    x_0=[Cmd_0 Ci_0 N1_0 N2_0 N3_0 N4_0 N5_0 N6_0 NF_0 NR_0 SE_0];

end
